COMPREHENSIVE SITE RISK ASSESSMENT
Generated: 2025-05-14 00:05:27
Projection Period: 60 days
Total Sites Analyzed: 500

SITE0120: 99.71 | 249.03 | 189.30
SITE0468: 97.66 | 248.82 | 188.36
SITE0012: 97.01 | 247.40 | 187.24
SITE0107: 98.59 | 244.77 | 186.30
SITE0218: 94.82 | 242.11 | 183.19
SITE0003: 98.31 | 239.21 | 182.85
SITE0133: 91.56 | 238.32 | 179.61
SITE0417: 94.92 | 234.80 | 178.84
SITE0109: 99.13 | 230.50 | 177.95
SITE0064: 96.97 | 230.52 | 177.10
SITE0105: 96.51 | 230.31 | 176.79
SITE0295: 95.27 | 230.42 | 176.36
SITE0144: 90.53 | 232.59 | 175.76
SITE0299: 89.32 | 232.66 | 175.32
SITE0304: 92.11 | 228.04 | 173.67
SITE0163: 88.19 | 229.43 | 172.93
SITE0178: 88.59 | 227.91 | 172.18
SITE0123: 91.59 | 224.94 | 171.60
SITE0475: 98.08 | 219.70 | 171.05
SITE0410: 91.86 | 222.43 | 170.20
SITE0128: 94.53 | 218.92 | 169.16
SITE0345: 92.47 | 217.76 | 167.64
SITE0316: 87.77 | 220.87 | 167.63
SITE0010: 84.43 | 219.49 | 165.46
SITE0202: 92.63 | 213.39 | 165.08
SITE0280: 97.85 | 209.62 | 164.91
SITE0054: 87.32 | 213.11 | 162.79
SITE0406: 96.59 | 206.15 | 162.33
SITE0292: 89.17 | 209.84 | 161.57
SITE0070: 92.27 | 204.55 | 159.63
SITE0407: 94.62 | 202.18 | 159.15
SITE0382: 98.50 | 199.41 | 159.05
SITE0375: 99.64 | 198.54 | 158.98
SITE0294: 93.49 | 202.44 | 158.86
SITE0207: 82.06 | 208.99 | 158.22
SITE0115: 86.10 | 205.72 | 157.87
SITE0159: 81.67 | 208.53 | 157.79
SITE0432: 87.84 | 202.37 | 156.56
SITE0478: 96.79 | 196.31 | 156.50
SITE0201: 80.56 | 206.20 | 155.95
SITE0388: 83.03 | 204.34 | 155.81
SITE0017: 90.12 | 199.39 | 155.68
SITE0482: 93.62 | 194.35 | 154.06
SITE0348: 88.09 | 197.73 | 153.88
SITE0349: 84.76 | 199.29 | 153.48
SITE0237: 96.86 | 189.70 | 152.57
SITE0238: 87.70 | 192.66 | 150.67
SITE0078: 83.63 | 194.60 | 150.21
SITE0083: 90.80 | 189.46 | 149.99
SITE0412: 86.02 | 192.58 | 149.95
SITE0050: 95.94 | 185.84 | 149.88
SITE0177: 78.50 | 197.13 | 149.68
SITE0303: 94.05 | 186.55 | 149.55
SITE0442: 86.74 | 190.61 | 149.06
SITE0270: 89.14 | 188.77 | 148.92
SITE0245: 99.37 | 179.92 | 147.70
SITE0018: 76.32 | 191.73 | 145.57
SITE0362: 85.50 | 185.37 | 145.42
SITE0244: 83.44 | 185.74 | 144.82
SITE0343: 83.50 | 185.10 | 144.46
SITE0352: 89.54 | 181.08 | 144.46
SITE0261: 90.70 | 180.28 | 144.45
SITE0068: 80.72 | 185.95 | 143.86
SITE0385: 78.97 | 185.85 | 143.10
SITE0239: 78.83 | 185.43 | 142.79
SITE0214: 73.63 | 188.36 | 142.47
SITE0289: 72.93 | 188.78 | 142.44
SITE0229: 89.75 | 177.55 | 142.43
SITE0288: 97.07 | 172.65 | 142.42
SITE0437: 97.11 | 171.99 | 142.03
SITE0034: 85.81 | 178.98 | 141.71
SITE0321: 79.75 | 182.94 | 141.66
SITE0333: 85.85 | 178.39 | 141.37
SITE0329: 73.61 | 186.49 | 141.34
SITE0265: 95.89 | 170.25 | 140.51
SITE0439: 83.23 | 178.49 | 140.38
SITE0004: 89.36 | 174.22 | 140.27
SITE0453: 72.70 | 185.26 | 140.23
SITE0457: 86.01 | 176.11 | 140.07
SITE0181: 77.95 | 181.47 | 140.06
SITE0029: 79.33 | 180.51 | 140.04
SITE0397: 82.90 | 177.09 | 139.41
SITE0067: 80.67 | 178.14 | 139.15
SITE0035: 85.20 | 174.71 | 138.91
SITE0069: 70.98 | 183.88 | 138.72
SITE0479: 91.67 | 169.91 | 138.61
SITE0190: 97.40 | 165.63 | 138.34
SITE0197: 98.75 | 163.95 | 137.87
SITE0045: 96.69 | 164.30 | 137.26
SITE0272: 98.94 | 161.31 | 136.36
SITE0156: 87.21 | 168.48 | 135.97
SITE0200: 77.75 | 173.26 | 135.06
SITE0055: 96.42 | 160.63 | 134.95
SITE0051: 96.33 | 158.36 | 133.55
SITE0464: 72.72 | 173.87 | 133.41
SITE0495: 79.86 | 169.08 | 133.39
SITE0132: 96.97 | 156.64 | 132.77
SITE0449: 72.14 | 173.16 | 132.75
SITE0492: 90.34 | 161.00 | 132.74
SITE0049: 77.72 | 169.14 | 132.57
SITE0167: 85.72 | 163.65 | 132.48
SITE0020: 86.01 | 163.36 | 132.42
SITE0225: 77.99 | 168.22 | 132.13
SITE0033: 75.30 | 170.00 | 132.12
SITE0210: 85.96 | 162.76 | 132.04
SITE0073: 67.06 | 175.14 | 131.91
SITE0339: 85.26 | 162.93 | 131.86
SITE0314: 80.75 | 165.78 | 131.77
SITE0433: 83.37 | 162.24 | 130.69
SITE0101: 77.24 | 166.26 | 130.65
SITE0139: 89.45 | 158.10 | 130.64
SITE0302: 72.04 | 169.26 | 130.37
SITE0448: 89.17 | 157.43 | 130.13
SITE0087: 79.03 | 164.00 | 130.01
SITE0138: 78.71 | 163.44 | 129.55
SITE0108: 68.06 | 170.48 | 129.51
SITE0450: 69.13 | 169.72 | 129.48
SITE0183: 77.19 | 163.87 | 129.20
SITE0142: 94.41 | 152.12 | 129.03
SITE0428: 75.33 | 164.58 | 128.88
SITE0179: 80.81 | 160.65 | 128.71
SITE0090: 99.23 | 148.15 | 128.58
SITE0384: 97.93 | 148.39 | 128.21
SITE0176: 97.06 | 148.29 | 127.80
SITE0026: 65.26 | 169.42 | 127.76
SITE0378: 70.80 | 165.52 | 127.63
SITE0219: 70.02 | 165.95 | 127.58
SITE0092: 94.61 | 148.65 | 127.03
SITE0469: 82.71 | 156.33 | 126.88
SITE0015: 70.66 | 163.70 | 126.48
SITE0111: 87.03 | 152.38 | 126.24
SITE0396: 89.87 | 150.43 | 126.21
SITE0011: 68.26 | 163.55 | 125.43
SITE0168: 85.50 | 151.81 | 125.29
SITE0008: 65.56 | 163.00 | 124.02
SITE0065: 75.24 | 156.24 | 123.84
SITE0161: 76.69 | 155.14 | 123.76
SITE0222: 67.80 | 160.71 | 123.54
SITE0296: 73.36 | 156.92 | 123.49
SITE0236: 87.24 | 147.24 | 123.24
SITE0315: 63.39 | 162.16 | 122.65
SITE0042: 65.86 | 160.13 | 122.42
SITE0209: 90.60 | 143.62 | 122.41
SITE0401: 73.94 | 154.47 | 122.26
SITE0269: 76.43 | 152.29 | 121.95
SITE0165: 71.81 | 154.98 | 121.71
SITE0221: 72.87 | 153.89 | 121.48
SITE0365: 71.62 | 154.69 | 121.47
SITE0016: 87.85 | 143.22 | 121.07
SITE0085: 65.79 | 157.44 | 120.78
SITE0489: 74.08 | 151.73 | 120.67
SITE0364: 81.81 | 146.39 | 120.56
SITE0308: 70.42 | 153.20 | 120.09
SITE0474: 82.60 | 144.38 | 119.66
SITE0335: 83.98 | 142.73 | 119.23
SITE0137: 63.50 | 156.26 | 119.16
SITE0112: 86.45 | 140.70 | 119.00
SITE0174: 81.83 | 143.23 | 118.67
SITE0149: 80.53 | 143.54 | 118.34
SITE0164: 74.08 | 147.58 | 118.18
SITE0371: 67.42 | 152.00 | 118.17
SITE0359: 74.07 | 147.28 | 118.00
SITE0158: 83.10 | 140.23 | 117.38
SITE0277: 75.06 | 145.44 | 117.29
SITE0135: 61.29 | 153.69 | 116.73
SITE0226: 72.02 | 146.17 | 116.51
SITE0317: 85.10 | 137.42 | 116.49
SITE0243: 68.50 | 148.09 | 116.25
SITE0473: 61.17 | 152.89 | 116.20
SITE0471: 86.44 | 135.69 | 115.99
SITE0192: 67.87 | 147.46 | 115.62
SITE0216: 67.58 | 147.54 | 115.56
SITE0040: 78.57 | 139.36 | 115.04
SITE0172: 62.16 | 150.28 | 115.03
SITE0041: 70.65 | 144.56 | 115.00
SITE0009: 64.54 | 148.43 | 114.87
SITE0136: 65.71 | 146.79 | 114.36
SITE0328: 69.39 | 144.22 | 114.29
SITE0268: 62.68 | 148.44 | 114.13
SITE0454: 84.71 | 133.71 | 114.11
SITE0322: 61.70 | 148.92 | 114.03
SITE0002: 62.13 | 148.44 | 113.92
SITE0254: 67.43 | 144.41 | 113.62
SITE0213: 85.72 | 131.91 | 113.43
SITE0025: 82.38 | 133.52 | 113.06
SITE0031: 71.60 | 140.70 | 113.06
SITE0056: 69.87 | 141.39 | 112.78
SITE0394: 60.78 | 146.89 | 112.44
SITE0389: 68.68 | 141.50 | 112.37
SITE0325: 72.38 | 138.84 | 112.26
SITE0076: 78.48 | 134.08 | 111.84
SITE0220: 68.98 | 140.39 | 111.82
SITE0467: 56.96 | 148.26 | 111.74
SITE0203: 79.93 | 132.38 | 111.40
SITE0491: 73.72 | 136.20 | 111.21
SITE0081: 72.01 | 136.91 | 110.95
SITE0170: 57.48 | 146.59 | 110.95
SITE0434: 72.33 | 136.65 | 110.92
SITE0098: 61.80 | 142.93 | 110.48
SITE0285: 78.63 | 131.68 | 110.46
SITE0086: 63.07 | 140.88 | 109.76
SITE0493: 63.52 | 140.06 | 109.45
SITE0195: 72.12 | 133.98 | 109.24
SITE0250: 70.60 | 134.87 | 109.16
SITE0307: 71.93 | 133.82 | 109.06
SITE0059: 67.86 | 136.23 | 108.89
SITE0300: 80.19 | 127.84 | 108.78
SITE0256: 72.17 | 132.96 | 108.64
SITE0400: 63.18 | 138.73 | 108.51
SITE0310: 63.88 | 138.02 | 108.37
SITE0402: 77.71 | 128.31 | 108.07
SITE0143: 75.92 | 129.42 | 108.02
SITE0145: 57.24 | 141.78 | 107.96
SITE0499: 78.24 | 126.25 | 107.04
SITE0080: 61.79 | 136.84 | 106.82
SITE0196: 67.22 | 132.96 | 106.66
SITE0019: 69.98 | 130.78 | 106.46
SITE0037: 59.80 | 137.48 | 106.41
SITE0247: 57.27 | 139.09 | 106.36
SITE0259: 67.90 | 131.51 | 106.07
SITE0440: 74.48 | 127.00 | 105.99
SITE0423: 58.77 | 137.36 | 105.92
SITE0460: 56.05 | 139.05 | 105.85
SITE0330: 62.58 | 134.13 | 105.51
SITE0122: 79.83 | 122.29 | 105.30
SITE0370: 71.21 | 127.93 | 105.24
SITE0441: 69.52 | 128.95 | 105.18
SITE0420: 68.20 | 129.67 | 105.09
SITE0267: 68.44 | 129.51 | 105.08
SITE0227: 69.26 | 128.91 | 105.05
SITE0048: 54.98 | 138.42 | 105.04
SITE0082: 64.85 | 131.75 | 104.99
SITE0117: 61.46 | 132.85 | 104.29
SITE0074: 64.46 | 130.39 | 104.02
SITE0424: 69.56 | 127.00 | 104.02
SITE0342: 61.21 | 132.06 | 103.72
SITE0228: 57.61 | 134.02 | 103.46
SITE0323: 54.47 | 136.00 | 103.39
SITE0241: 61.12 | 131.48 | 103.34
SITE0217: 69.04 | 126.16 | 103.31
SITE0298: 68.40 | 126.46 | 103.24
SITE0007: 67.60 | 126.60 | 103.00
SITE0274: 71.20 | 124.20 | 103.00
SITE0368: 55.39 | 134.28 | 102.73
SITE0278: 58.39 | 132.01 | 102.57
SITE0263: 73.55 | 121.80 | 102.50
SITE0429: 70.66 | 123.58 | 102.41
SITE0088: 54.15 | 133.97 | 102.04
SITE0398: 65.33 | 126.12 | 101.80
SITE0311: 63.65 | 126.70 | 101.48
SITE0332: 51.99 | 134.47 | 101.48
SITE0116: 70.38 | 122.11 | 101.42
SITE0309: 65.08 | 124.86 | 100.95
SITE0199: 51.64 | 133.45 | 100.73
SITE0435: 62.04 | 126.07 | 100.46
SITE0071: 75.45 | 117.00 | 100.38
SITE0240: 60.39 | 126.88 | 100.28
SITE0198: 57.17 | 128.89 | 100.20
SITE0451: 51.39 | 131.74 | 99.60
SITE0119: 61.22 | 125.06 | 99.52
SITE0380: 53.82 | 129.85 | 99.44
SITE0255: 73.01 | 116.78 | 99.27
SITE0360: 55.66 | 128.25 | 99.21
SITE0369: 73.57 | 115.58 | 98.78
SITE0095: 58.38 | 125.12 | 98.42
SITE0121: 57.07 | 125.00 | 97.83
SITE0072: 73.59 | 113.50 | 97.54
SITE0257: 51.92 | 127.39 | 97.20
SITE0483: 69.32 | 115.64 | 97.11
SITE0028: 58.78 | 121.48 | 96.40
SITE0251: 61.01 | 119.29 | 95.98
SITE0184: 57.72 | 121.28 | 95.86
SITE0409: 68.51 | 112.95 | 95.17
SITE0043: 52.35 | 123.33 | 94.94
SITE0346: 64.53 | 114.80 | 94.69
SITE0264: 55.95 | 120.36 | 94.60
SITE0466: 60.69 | 116.93 | 94.43
SITE0005: 64.14 | 113.98 | 94.04
SITE0399: 60.09 | 116.43 | 93.89
SITE0058: 53.02 | 121.00 | 93.81
SITE0187: 56.30 | 117.47 | 93.00
SITE0485: 67.88 | 108.56 | 92.29
SITE0023: 49.02 | 120.44 | 91.87
SITE0118: 62.00 | 110.62 | 91.18
SITE0363: 46.98 | 117.76 | 89.45
SITE0211: 45.77 | 118.41 | 89.35
SITE0249: 52.42 | 113.59 | 89.12
SITE0353: 62.83 | 106.34 | 88.94
SITE0053: 63.19 | 105.79 | 88.75
SITE0446: 59.95 | 107.34 | 88.39
SITE0124: 56.59 | 109.27 | 88.20
SITE0470: 52.97 | 111.67 | 88.19
SITE0408: 58.35 | 107.60 | 87.90
SITE0411: 45.40 | 116.21 | 87.89
SITE0414: 60.49 | 106.05 | 87.82
SITE0052: 58.70 | 105.37 | 86.70
SITE0084: 55.28 | 107.56 | 86.65
SITE0022: 47.62 | 112.34 | 86.45
SITE0320: 51.55 | 108.66 | 85.82
SITE0089: 53.40 | 107.34 | 85.76
SITE0305: 45.38 | 111.88 | 85.28
SITE0421: 50.92 | 108.19 | 85.28
SITE0340: 62.12 | 100.54 | 85.17
SITE0486: 50.08 | 105.60 | 83.39
SITE0271: 63.19 | 96.75 | 83.33
SITE0189: 43.53 | 109.43 | 83.07
SITE0063: 45.17 | 108.26 | 83.02
SITE0044: 53.76 | 101.56 | 82.44
SITE0497: 45.60 | 106.54 | 82.16
SITE0027: 57.69 | 97.88 | 81.80
SITE0100: 43.76 | 107.11 | 81.77
SITE0395: 42.38 | 107.97 | 81.73
SITE0173: 43.87 | 106.75 | 81.60
SITE0458: 50.91 | 101.65 | 81.35
SITE0455: 42.35 | 107.33 | 81.34
SITE0367: 47.48 | 103.70 | 81.21
SITE0102: 42.18 | 105.96 | 80.45
SITE0488: 41.90 | 106.11 | 80.43
SITE0366: 52.10 | 99.17 | 80.34
SITE0233: 59.46 | 94.19 | 80.30
SITE0336: 43.62 | 103.87 | 79.77
SITE0001: 41.78 | 104.36 | 79.33
SITE0347: 44.16 | 102.12 | 78.94
SITE0418: 42.22 | 103.28 | 78.85
SITE0376: 46.69 | 100.03 | 78.69
SITE0282: 47.41 | 99.03 | 78.38
SITE0374: 50.28 | 95.49 | 77.40
SITE0223: 58.47 | 89.96 | 77.36
SITE0232: 46.59 | 97.84 | 77.34
SITE0151: 46.11 | 97.75 | 77.09
SITE0425: 54.43 | 91.65 | 76.76
SITE0235: 53.47 | 92.01 | 76.60
SITE0246: 48.73 | 93.69 | 75.71
SITE0266: 48.74 | 93.46 | 75.57
SITE0234: 52.26 | 90.92 | 75.46
SITE0030: 52.20 | 90.67 | 75.29
SITE0306: 50.05 | 91.36 | 74.84
SITE0262: 46.47 | 92.72 | 74.22
SITE0191: 56.97 | 85.12 | 73.86
SITE0462: 55.46 | 85.76 | 73.64
SITE0494: 37.69 | 97.54 | 73.60
SITE0392: 47.33 | 90.85 | 73.44
SITE0291: 39.53 | 95.79 | 73.29
SITE0024: 37.56 | 97.05 | 73.26
SITE0456: 40.24 | 95.28 | 73.26
SITE0338: 53.96 | 85.81 | 73.07
SITE0147: 38.29 | 96.12 | 72.99
SITE0472: 53.94 | 85.52 | 72.89
SITE0057: 47.55 | 89.70 | 72.84
SITE0459: 38.16 | 94.96 | 72.24
SITE0487: 51.09 | 85.63 | 71.82
SITE0445: 41.27 | 91.46 | 71.38
SITE0358: 41.96 | 90.69 | 71.20
SITE0104: 51.33 | 83.78 | 70.80
SITE0248: 38.86 | 91.78 | 70.61
SITE0356: 40.55 | 89.23 | 69.76
SITE0383: 50.60 | 82.33 | 69.64
SITE0393: 47.71 | 83.98 | 69.47
SITE0386: 39.49 | 88.65 | 68.99
SITE0498: 41.55 | 87.12 | 68.89
SITE0106: 40.72 | 87.62 | 68.86
SITE0403: 36.96 | 89.05 | 68.21
SITE0141: 46.72 | 82.23 | 68.03
SITE0180: 44.96 | 83.26 | 67.94
SITE0166: 50.69 | 79.39 | 67.91
SITE0182: 36.03 | 88.80 | 67.69
SITE0125: 41.84 | 84.78 | 67.60
SITE0297: 47.89 | 80.03 | 67.17
SITE0337: 34.82 | 87.75 | 66.58
SITE0193: 39.80 | 84.30 | 66.50
SITE0281: 40.34 | 83.78 | 66.40
SITE0290: 49.94 | 75.54 | 65.30
SITE0096: 41.73 | 80.91 | 65.24
SITE0354: 44.98 | 78.75 | 65.24
SITE0319: 39.69 | 80.42 | 64.13
SITE0212: 36.07 | 81.84 | 63.53
SITE0355: 36.49 | 80.55 | 62.93
SITE0286: 35.07 | 81.04 | 62.65
SITE0129: 42.51 | 75.49 | 62.30
SITE0014: 45.92 | 73.02 | 62.18
SITE0075: 45.03 | 73.30 | 61.99
SITE0157: 34.36 | 80.29 | 61.92
SITE0372: 38.47 | 77.10 | 61.65
SITE0284: 31.48 | 80.13 | 60.67
SITE0039: 41.09 | 73.61 | 60.60
SITE0160: 33.31 | 78.48 | 60.41
SITE0404: 45.80 | 69.55 | 60.05
SITE0301: 43.09 | 69.60 | 59.00
SITE0431: 33.90 | 75.50 | 58.86
SITE0006: 35.69 | 73.48 | 58.36
SITE0427: 41.23 | 69.76 | 58.35
SITE0032: 30.58 | 76.49 | 58.13
SITE0326: 35.77 | 72.59 | 57.87
SITE0313: 33.48 | 74.06 | 57.82
SITE0175: 30.51 | 75.19 | 57.32
SITE0215: 29.94 | 74.73 | 56.81
SITE0260: 38.96 | 68.40 | 56.63
SITE0206: 36.83 | 69.24 | 56.28
SITE0334: 29.86 | 73.30 | 55.92
SITE0430: 38.61 | 67.19 | 55.76
SITE0461: 28.46 | 73.96 | 55.76
SITE0477: 40.86 | 64.16 | 54.84
SITE0091: 34.84 | 66.98 | 54.13
SITE0194: 38.04 | 63.64 | 53.40
SITE0293: 29.05 | 69.24 | 53.16
SITE0436: 34.15 | 65.78 | 53.13
SITE0379: 33.64 | 65.64 | 52.84
SITE0171: 28.18 | 69.01 | 52.67
SITE0224: 33.12 | 65.71 | 52.67
SITE0318: 31.92 | 66.47 | 52.65
SITE0377: 27.10 | 69.64 | 52.62
SITE0344: 33.98 | 64.46 | 52.27
SITE0066: 26.94 | 69.11 | 52.24
SITE0273: 38.49 | 59.69 | 51.21
SITE0422: 35.34 | 61.14 | 50.82
SITE0350: 31.98 | 62.91 | 50.54
SITE0416: 29.76 | 64.23 | 50.45
SITE0327: 35.56 | 59.71 | 50.05
SITE0324: 25.70 | 65.84 | 49.79
SITE0046: 27.23 | 64.15 | 49.38
SITE0013: 31.29 | 60.94 | 49.08
SITE0480: 30.02 | 60.75 | 48.46
SITE0438: 30.70 | 60.23 | 48.42
SITE0331: 27.17 | 62.39 | 48.30
SITE0413: 29.74 | 60.32 | 48.09
SITE0443: 35.91 | 56.20 | 48.09
SITE0415: 26.40 | 62.36 | 47.98
SITE0150: 35.45 | 56.26 | 47.94
SITE0276: 28.26 | 60.70 | 47.72
SITE0204: 28.22 | 60.17 | 47.39
SITE0047: 25.46 | 61.87 | 47.31
SITE0426: 25.97 | 61.53 | 47.30
SITE0481: 29.12 | 59.31 | 47.23
SITE0287: 32.49 | 57.04 | 47.22
SITE0134: 24.92 | 61.84 | 47.07
SITE0000: 26.04 | 60.83 | 46.92
SITE0185: 32.74 | 56.34 | 46.90
SITE0373: 35.23 | 54.65 | 46.88
SITE0351: 32.24 | 56.62 | 46.87
SITE0405: 32.30 | 56.31 | 46.71
SITE0275: 34.40 | 54.77 | 46.62
SITE0077: 29.22 | 57.42 | 46.14
SITE0496: 34.45 | 53.50 | 45.88
SITE0140: 32.59 | 54.50 | 45.73
SITE0152: 29.27 | 56.03 | 45.33
SITE0154: 30.28 | 54.80 | 44.99
SITE0114: 22.94 | 58.83 | 44.47
SITE0447: 31.94 | 52.23 | 44.11
SITE0126: 23.55 | 57.63 | 44.00
SITE0390: 32.74 | 51.20 | 43.81
SITE0253: 27.79 | 54.09 | 43.57
SITE0208: 25.79 | 53.93 | 42.68
SITE0391: 29.41 | 51.39 | 42.60
SITE0021: 22.74 | 55.09 | 42.15
SITE0452: 30.65 | 49.26 | 41.82
SITE0283: 30.06 | 49.34 | 41.63
SITE0097: 27.34 | 51.10 | 41.60
SITE0463: 23.04 | 53.65 | 41.41
SITE0490: 21.02 | 54.73 | 41.24
SITE0252: 25.53 | 50.61 | 40.58
SITE0387: 27.43 | 48.85 | 40.28
SITE0036: 25.37 | 49.39 | 39.78
SITE0038: 28.53 | 47.06 | 39.64
SITE0131: 23.90 | 49.94 | 39.52
SITE0110: 25.20 | 48.95 | 39.45
SITE0061: 20.19 | 52.01 | 39.28
SITE0188: 21.43 | 51.11 | 39.24
SITE0079: 24.39 | 48.84 | 39.06
SITE0153: 20.73 | 49.94 | 38.25
SITE0186: 27.29 | 45.44 | 38.18
SITE0146: 20.41 | 49.21 | 37.69
SITE0231: 21.67 | 48.20 | 37.59
SITE0465: 28.43 | 43.57 | 37.52
SITE0113: 23.76 | 45.68 | 36.91
SITE0444: 23.41 | 44.68 | 36.17
SITE0130: 20.41 | 46.36 | 35.98
SITE0094: 27.08 | 41.57 | 35.78
SITE0312: 21.17 | 45.52 | 35.78
SITE0060: 26.07 | 41.20 | 35.15
SITE0258: 20.72 | 44.59 | 35.04
SITE0242: 22.35 | 43.26 | 34.90
SITE0341: 20.21 | 44.60 | 34.84
SITE0205: 21.47 | 43.64 | 34.77
SITE0127: 22.83 | 42.50 | 34.63
SITE0357: 24.68 | 40.75 | 34.32
SITE0155: 21.47 | 42.45 | 34.06
SITE0148: 20.09 | 42.50 | 33.54
SITE0162: 24.63 | 38.83 | 33.15
SITE0230: 23.49 | 39.32 | 32.99
SITE0099: 20.27 | 40.86 | 32.62
SITE0361: 21.27 | 39.87 | 32.43
SITE0279: 21.39 | 39.67 | 32.36
SITE0103: 23.61 | 38.14 | 32.32
SITE0484: 23.50 | 37.99 | 32.20
SITE0476: 20.83 | 37.06 | 30.57
SITE0381: 20.10 | 36.77 | 30.10
SITE0169: 20.08 | 33.55 | 28.16
SITE0062: 20.42 | 32.84 | 27.87
SITE0093: 20.76 | 32.21 | 27.63
SITE0419: 20.03 | 30.29 | 26.19
